0.5	-315.7829586	-316.01868011	-316.1204354	-315.9284968	-316.26237609	-315.9222785	-316.2413205	-316.3702992
0.52	-317.0229827	-317.22967588	-317.3303651	-317.1679451	-317.47332667	-317.1618796	-317.4522082	-317.5801392
0.54	-318.0866156	-318.26939185	-318.3699051	-318.2313726	-318.51325944	-318.2253974	-318.4920658	-318.619885
0.56	-319.0012827	-319.16418815	-319.2652445	-319.1461671	-319.40852950	-319.1402265	-319.3872507	-319.5156903
0.58	-319.7899002	-319.93606779	-320.0382561	-319.9352147	-320.18114696	-319.9292599	-320.1597735	-320.2893948
0.6	-320.471678	-320.60348489	-320.7072872	-320.6177059	-320.84957430	-320.611694	-320.8280969	-320.9593185
0.62	-321.0627766	-321.18199704	-321.2878024	-321.2098006	-321.42936906	-321.2036928	-321.4077799	-321.5409097
0.64	-321.576864	-321.68479762	-321.7929187	-321.7252038	-321.93372222	-321.7189589	-321.9120164	-322.0472928
0.66	-322.0256192	-322.12317311	-322.233885	-322.1757237	-322.37395554	-322.1692838	-322.3521281	-322.4897789
0.68	-322.4192777	-322.50696541	-322.6205975	-322.5720054	-322.76011459	-322.5652403	-322.7381343	-322.8784913
0.7	-322.7674937	-322.84526098	-322.9624655	-322.925189	-323.10221590	-322.9176278	-323.0798411	-323.2236876
0.72	-323.0815192	-323.14823158	-323.2709384	-323.2527986	-323.41538463	-323.2421334	-323.3906417	-323.5405171
0.74	-323.379602	-323.43364569	-323.5668704	-323.5894026	-323.73244728	-323.5679921	-323.7000773	-323.8600218
0.76	-323.6861488	-323.73250684	-323.8784847	-323.9253123	-324.07311622	-323.9079346	-324.0306148	-324.194134
0.78	-324.2219834	-324.35560790	-324.3964681	-324.4569246	-324.64112211	-324.4407089	-324.6249332	-324.6957751
0.8	-324.5858849	-324.71520444	-324.7515867	-324.8122106	-324.99336249	-324.7978267	-324.9790785	-325.044324
0.82	-324.9206213	-325.04493451	-325.0782356	-325.1425104	-325.31938738	-325.1289832	-325.3059721	-325.3674885
0.84	-325.2253868	-325.34472022	-325.3758551	-325.444835	-325.61717061	-325.4317506	-325.6042042	-325.6631609
0.86	-325.5014543	-325.61610881	-325.6456954	-325.7194818	-325.88741514	-325.7066516	-325.8747097	-325.931869
0.88	-325.7508341	-325.86120152	-325.8896623	-325.9680165	-326.13183904	-325.9553421	-326.1192983	-326.1751675
0.9	-325.9757459	-326.08222890	-326.1098555	-326.1924351	-326.35248134	-326.1798589	-326.3400494	-326.3949716
0.92	-326.1783982	-326.28137488	-326.30837	-326.3948229	-326.55142169	-326.3823077	-326.5390628	-326.5932727
0.94	-326.3608932	-326.46070263	-326.4872082	-326.5772085	-326.73066273	-326.5647285	-326.7183524	-326.7720126
0.96	-326.5251865	-326.62212511	-326.6482414	-326.7415014	-326.89208090	-326.729038	-326.8798011	-326.9330263
0.98	-326.6730741	-326.76739705	-326.7931954	-326.8894669	-327.03740853	-326.8770059	-327.0251455	-327.0780181
1	-326.806192	-326.89811725	-326.9236493	-327.0227203	-327.16823087	-327.0102506	-327.1559737	-327.2085544
1.02	-326.9260228	-327.01573620	-327.04104	-327.1427297	-327.28599059	-327.1302428	-327.2737301	-327.3260656
1.04	-327.0339058	-327.12156602	-327.1466702	-327.2508244	-327.39199586	-327.2383131	-327.3797244	-327.4318516
1.06	-327.1310481	-327.21679140	-327.2417181	-327.3482043	-327.48743009	-327.3356629	-327.4751408	-327.5270902
1.08	-327.2185359	-327.30248055	-327.3272468	-327.4359509	-327.57336206	-327.4233744	-327.5610487	-327.6128463
1.1	-327.2973463	-327.37959580	-327.4042151	-327.5150381	-327.65075603	-327.5024223	-327.638413	-327.6900812
1.12	-327.3683572	-327.44900353	-327.4734862	-327.5863419	-327.72048125	-327.5736833	-327.708103	-327.7596618
1.14	-327.4323575	-327.51148334	-327.5358368	-327.6506507	-327.78332084	-327.637946	-327.7709023	-327.8223691
1.16	-327.490056	-327.56773643	-327.591966	-327.7086734	-327.83997998	-327.6959196	-327.827516	-327.8789065
1.18	-327.5420891	-327.61839325	-327.6425019	-327.7610474	-327.89109333	-327.7482417	-327.8785788	-327.9299072
1.2	-327.5890285	-327.66402042	-327.6880097	-327.8083459	-327.93723172	-327.7954856	-327.9246617	-327.9759407
1.22	-327.6313875	-327.70512705	-327.7289971	-327.8510841	-327.97890829	-327.8381666	-327.9662776	-328.0175196
1.24	-327.6696267	-327.74217045	-327.7659206	-327.8897249	-328.01658389	-327.8767477	-328.0038874	-328.0551042
1.26	-327.7041599	-327.77556133	-327.7991906	-327.9246841	-328.05067206	-327.9116444	-328.0379048	-328.0891082
1.28	-327.735358	-327.80566854	-327.8291757	-327.9563347	-328.08154338	-327.9432301	-328.0687002	-328.1199024
1.3	-327.7635542	-327.83282342	-327.8562075	-327.9850112	-328.10952945	-327.971839	-328.0966056	-328.1478191
1.32	-327.7890472	-327.85732365	-327.8805841	-328.0110129	-328.13492643	-327.9977709	-328.1219172	-328.173155
1.34	-327.8121053	-327.87943678	-327.9025734	-328.0346078	-328.15799824	-328.0212937	-328.1448994	-328.1961743
1.36	-327.8329692	-327.89940347	-327.9224163	-328.0560349	-328.17897946	-328.0426469	-328.1657873	-328.2171118
1.38	-327.8518552	-327.91744022	-327.9403294	-328.0755075	-328.19807807	-328.062044	-328.1847896	-328.2361751
1.4	-327.8689578	-327.93374196	-327.9565075	-328.0932154	-328.21547806	-328.0796755	-328.2020911	-328.2535471
1.42	-327.8844517	-327.94848422	-327.9711257	-328.1093277	-328.23134196	-328.0957111	-328.2178553	-328.2693889
1.44	-327.8984944	-327.96182514	-327.9843417	-328.1239948	-328.24581335	-328.1103017	-328.2322268	-328.2838418
1.46	-327.9112279	-327.97390713	-327.996297	-328.137351	-328.25901935	-328.1235824	-328.2453339	-328.2970303
1.48	-327.92278	-327.98485841	-328.0071191	-328.1495162	-328.27107297	-328.135674	-328.2572907	-328.3090646
1.5	-327.9332665	-327.99479437	-328.0169225	-328.1605983	-328.28207540	-328.146685	-328.2681994	-328.3200427
1.6	-327.9730361	-328.03252639	-328.0539235	-328.2028838	-328.32425275	-328.1886692	-328.3099785	-328.3619417
1.7	-327.9982063	-328.05662531	-328.0771929	-328.2296249	-328.35107496	-328.2152124	-328.3365378	-328.3881698
1.8	-328.0147423	-328.07267164	-328.0924141	-328.2469773	-328.36852743	-328.2324493	-328.3538349	-328.404859
1.9	-328.0261594	-328.08388481	-328.1029071	-328.2587605	-328.38038105	-328.2441671	-328.3656003	-328.4159657
2	-328.0344867	-328.09214359	-328.1105881	-328.2672119	-328.38886973	-328.252579	-328.3740394	-328.4238139
2.1	-328.0408783	-328.09853695	-328.1165425	-328.2736027	-328.39527364	-328.2589408	-328.3804146	-328.4297028
2.2	-328.0459867	-328.10368157	-328.1213729	-328.2786482	-328.40031270	-328.2639598	-328.3854348	-328.4343444
2.3	-328.0501835	-328.10792574	-328.1254099	-328.282754	-328.40439330	-328.2680379	-328.3895006	-328.4381274
2.4	-328.0536871	-328.11147541	-328.1288372	-328.2861567	-328.40775417	-328.271411	-328.3928475	-328.4412687
2.5	-328.0566352	-328.11446238	-328.1317621	-328.2890029	-328.41054484	-328.2742262	-328.3956246	-328.4438955
2.6	-328.0591215	-328.11697824	-328.1342549	-328.29139	-328.41286597	-328.2765821	-328.3979328	-328.446091
2.7	-328.0612146	-328.11909199	-328.1363678	-328.2933879	-328.41479099	-328.2785498	-328.3998466	-328.4479162
2.8	-328.0629685	-328.12085987	-328.1381453	-328.2950504	-328.41637806	-328.2801844	-328.4014253	-328.4494213
2.9	-328.0644278	-328.12233039	-328.1396277	-328.2964223	-328.41767625	-328.2815311	-328.4027188	-328.4506506
3	-328.065632	-328.12354647	-328.1408533	-328.2975431	-328.41872834	-328.2826298	-328.4037706	-328.4516445
3.1	-328.066617	-328.12454615	-328.141858	-328.2984493	-328.41957205	-328.283517	-328.4046183	-328.4524401
3.2	-328.0674159	-328.12536284	-328.1426756	-328.2991744	-328.42024077	-328.2842261	-328.4052952	-328.453071
3.3	-328.068059	-328.12602581	-328.1433366	-328.299749	-328.42076417	-328.2847878	-328.4058301	-328.4535672
3.4	-328.0685732	-328.12656055	-328.1438685	-328.3002004	-328.42116864	-328.2852289	-328.4062485	-328.4539547
3.5	-328.0689822	-328.12698934	-328.1442947	-328.3005523	-328.42147752	-328.2855729	-328.4065725	-328.4542557
3.6	-328.0693059	-328.12733147	-328.1446355	-328.3008245	-328.42171119	-328.2858394	-328.4068215	-328.4544882
3.7	-328.0695612	-328.12760352	-328.1449074	-328.3010336	-328.42188695	-328.2860446	-328.4070118	-328.4546671
3.8	-328.0697619	-328.12781948	-328.145124	-328.3011931	-328.42201902	-328.2862018	-328.4071571	-328.454804
3.9	-328.0699192	-328.12799094	-328.1452962	-328.3013137	-328.42211869	-328.2863213	-328.4072682	-328.4549079
4	-328.070042	-328.12812731	-328.1454327	-328.3014042	-328.42219456	-328.2864117	-328.4073537	-328.4549858
4.1	-328.0701376	-328.12823603	-328.1455403	-328.3014714	-328.42225299	-328.2864794	-328.40742	-328.4550432
4.2	-328.0702118	-328.12832296	-328.1456245	-328.3015206	-328.42229851	-328.2865296	-328.4074718	-328.4550842
4.3	-328.0702691	-328.12839261	-328.1456898	-328.3015561	-328.42233431	-328.2865663	-328.4075125	-328.4551122
4.4	-328.0703132	-328.12844846	-328.1457396	-328.3015811	-328.42236257	-328.2865927	-328.4075446	-328.4551299
4.5	-328.0703468	-328.12849321	-328.1457771	-328.3015983	-328.42238485	-328.2866113	-328.4075698	-328.4551395
4.6	-328.0703723	-328.12852896	-328.1458046	-328.3016095	-328.42240223	-328.2866239	-328.4075894	-328.4551431
4.7	-328.0703914	-328.12855738	-328.1458245	-328.3016164	-328.42241557	-328.2866321	-328.4076044	-328.4551421
4.8	-328.0704056	-328.12857982	-328.1458383	-328.3016202	-328.42242554	-328.286637	-328.4076157	-328.4551381
4.9	-328.070416	-328.12859736	-328.1458476	-328.3016217	-328.42243271	-328.2866395	-328.407624	-328.4551321
5	-328.0704236	-328.12861094	-328.1458536	-328.3016216	-328.42243758	-328.2866403	-328.4076296	-328.4551249
5.1	-328.0704289	-328.12862132	-328.1458572	-328.3016205	-328.42244060	-328.2866399	-328.4076333	-328.4551171
5.2	-328.0704327	-328.12862913	-328.1458591	-328.3016188	-328.42244215	-328.2866388	-328.4076354	-328.4551094
5.3	-328.0704352	-328.12863491	-328.1458598	-328.3016167	-328.42244259	-328.2866373	-328.4076363	-328.4551018
5.4	-328.0704368	-328.12863911	-328.1458598	-328.3016145	-328.42244220	-328.2866355	-328.4076363	-328.4550947
5.5	-328.0704378	-328.12864208	-328.1458592	-328.3016124	-328.42244123	-328.2866336	-328.4076356	-328.4550881
5.6	-328.0704383	-328.12864412	-328.1458584	-328.3016102	-328.42243988	-328.2866317	-328.4076345	-328.4550822
5.7	-328.0704386	-328.12864548	-328.1458574	-328.3016083	-328.42243830	-328.28663	-328.4076331	-328.4550768
5.8	-328.0704387	-328.12864632	-328.1458563	-328.3016065	-328.42243661	-328.2866284	-328.4076317	-328.455072
5.9	-328.0704386	-328.12864680	-328.1458553	-328.3016049	-328.42243491	-328.2866269	-328.4076301	-328.4550677
6	-328.0704385	-328.12864702	-328.1458542	-328.3016036	-328.42243324	-328.2866256	-328.4076286	-328.4550639
6.1	-328.0704383	-328.12864707	-328.1458533	-328.3016024	-328.42243166	-328.2866245	-328.4076271	-328.4550606
6.2	-328.0704382	-328.12864700	-328.1458524	-328.3016013	-328.42243018	-328.2866235	-328.4076257	-328.4550578
6.3	-328.070438	-328.12864686	-328.1458517	-328.3016004	-328.42242882	-328.2866226	-328.4076245	-328.4550553
6.4	-328.0704378	-328.12864668	-328.145851	-328.3015997	-328.42242757	-328.2866219	-328.4076233	-328.4550531
6.5	-328.0704377	-328.12864648	-328.1458504	-328.3015991	-328.42242645	-328.2866213	-328.4076222	-328.4550512
